3.30098438
3.30096875
3.30095117
3.30097266
3.30098438
3.30093945
3.30093164
3.30096484
3.30094336
3.30100195
3.30095508
3.30104102
3.30095312
3.30095703
3.30101172
3.30098828
3.30092383
3.30092578
3.30099023
3.30098242
3.30095703
3.30095898
3.30097070
3.30092188
3.30094922
3.30092383
3.30094531
3.30089063
3.30098047
3.30102539
3.30101953
3.30093750
3.30093359
3.30097656
3.30090430
3.30095898
3.30098242
3.30090430
3.30095312
3.30099023
3.30097070
3.30091406
3.30091602
3.30100195
3.30096094
3.30100000
3.30091211
3.30097461
3.30094922
3.30097656
3.30097070
3.30092188
3.30097266
3.30096680
3.30095898
3.30097461
3.30095117
3.30097461
3.30100195
3.30102930
3.30093750
3.30089844
3.30094922
3.30098633
3.30103906
3.30097656
3.30098047
3.30099023
3.30094531
3.30096875
3.30092773
3.30098047
3.30089844
3.30094727
3.30094336
3.30092188
3.30101563
3.30096680
3.30089063
3.30092578
3.30096289
3.30094531
3.30093945
3.30089063
3.30092773
3.30100195
3.30091406
3.30096094
3.30097656
3.30095898
3.30097266
3.30098828
3.30100195
3.30097070
3.30094531
3.30100781
3.30095703
3.30098828
3.30098242
3.30090820
3.30095703
3.30096289
3.30101367
3.30099023
3.30092383
3.30096875
3.30095898
3.30096484
3.30100586
3.30094531
3.30094922
3.30090039
3.30094922
3.30096094
3.30096484
3.30095703
3.30096094
3.30093555
3.30097070
3.30093750
3.30094922
3.30094727
3.30102344
3.30095508
3.30096680
3.30093750
3.30094336
3.30090625
3.30096484
3.30094922
3.30093750
3.30098828
3.30092773
3.30098242
3.30100586
3.30097852
3.30093945
3.30089063
3.30102539
3.30090820
3.30094141
3.30098047
3.30094336
3.30094727
3.30099414
3.30094531
3.30098047
3.30100000
3.30094336
3.30097656
3.30095703
3.30101563
3.30098828
3.30100391
3.30097656
3.30096289
3.30095312
3.30097852
3.30098438
3.30094141
3.30100000
3.30096484
3.30102734
3.30096094
3.30100781
3.30098047
3.30091211
3.30098242
3.30093945
3.30096484
3.30094336
3.30096094
3.30096484
3.30098633
3.30096680
3.30098242
3.30091992
3.30095508
3.30096094
3.30092969
3.30097070
3.30096289
3.30098828
3.30098047
3.30096094
3.30092578
3.30100391
3.30091797
3.30097070
3.30099023
3.30095898
3.30094531
3.30093945
3.30097266
3.30099805
3.30094531
3.30096094
3.30096094
3.30097266
3.30097852
3.30097656
3.30095703
3.30094922
3.30096680
3.30091602
3.30095703
3.30093359
3.30099219
3.30093164
3.30096484
3.30094727
3.30095117
3.30096875
3.30096680
3.30095312
3.30096680
3.30093750
3.30099609
3.30096289
3.30092383
3.30094727
3.30095703
3.30093164
3.30094336
3.30093359
3.30093945
3.30091016
3.30098828
3.30099219
3.30098828
3.30090820
3.30094531
3.30096875
3.30100586
3.30097070
3.30091211
3.30097266
3.30094141
3.30100781
3.30101172
3.30099805
3.30093945
3.30093359
3.30094922
3.30094141
3.30096484
3.30096875
3.30095117
3.30092383
3.30093164
3.30099414
3.30097656
3.30097461
3.30092383
3.30094141
3.30095117
3.30095508
3.30097461
3.30097070
3.30093555
3.30102734
3.30097070
3.30093555
3.30095703
3.30098242
3.30093750
3.30096680
3.30100586
3.30094531
3.30090820
3.30095117
3.30095703
3.30097461
3.30093750
3.30093945
3.30099414
3.30098633
3.30098242
3.30098633
3.30097266
3.30095898
3.30096094
3.30097656
3.30095898
3.30097461
3.30097852
3.30096484
3.30093750
3.30094141
3.30096680
3.30094531
3.30101367
3.30097070
3.30097656
3.30095117
3.30096289
3.30100195
3.30095703
3.30094922
3.30097266
3.30096289
3.30094531
3.30096289
3.30094336
3.30098438
3.30096289
3.30092578
3.30094727
3.30096484
3.30099023
3.30099219
3.30094141
3.30097070
3.30095312
3.30095508
3.30093750
3.30095508
3.30095703
3.30097852
3.30095117
3.30094336
3.30096484
3.30091992
3.30100000
3.30096094
3.30097656
3.30096484
3.30092578
3.30098438
3.30098828
3.30096094
3.30094141
3.30096094
3.30096094
3.30098633
3.30099219
3.30096094
3.30098242
3.30098438
3.30095508
3.30091797
3.30094727
3.30094922
3.30099219
3.30097461
3.30093555
3.30097070
3.30093750
3.30092969
3.30091992
3.30097266
3.30094531
3.30095898
3.30099805
3.30100195
3.30096875
3.30091211
3.30097852
3.30090039
3.30100977
3.30098047
3.30098828
3.30094141
3.30097656
3.30092969
3.30094336
3.30097070
3.30095508
3.30097266
3.30098828
3.30092773
3.30096094
3.30100000
3.30093555
3.30095508
3.30095312
3.30094727
3.30090234
3.30092188
3.30096289
3.30096094
3.30085937
3.30091602
3.30095312
3.30094141
3.30091602
3.30096289
3.30097656
3.30095703
3.30097070
3.30098633
3.30095703
3.30093164
3.30094336
3.30093750
3.30093164
3.30091016
3.30093164
3.30098633
3.30095898
3.30093750
3.30097461
3.30096875
3.30095312
3.30095312
3.30094141
3.30096484
3.30096094
3.30098438
3.30096875
3.30099609
3.30096875
3.30093750
3.30096875
3.30096484
3.30096289
3.30098242
3.30100391
3.30097852
3.30093750
3.30094141
3.30099805
3.30092969
3.30094727
3.30097266
3.30094141
3.30096094
3.30095312
3.30095117
3.30093945
3.30094727
3.30095898
3.30094727
3.30099023
3.30096875
3.30098633
3.30092188
3.30090039
3.30091797
3.30095117
3.30096289
3.30096875
3.30097070
3.30101172
3.30095312
3.30092773
3.30091016
3.30095117
3.30094727
3.30097852
3.30095508
3.30097852
3.30095508
3.30096094
3.30093164
3.30096484
3.30094141
3.30092773
3.30101758
3.30094336
3.30096484
3.30097852
3.30095117
3.30092773
3.30099414
3.30090039
3.30095508
3.30094922
3.30099609
3.30094727
3.30099805
3.30099414
3.30098438
3.30097461
3.30093945
3.30094727
3.30098047
3.30097461
3.30097266
3.30098242
3.30092578
3.30100391
3.30095508
3.30096680
3.30099023
3.30095898
3.30097461
3.30096289
3.30096289
3.30097461
3.30098047
3.30095312
3.30092969
3.30099805
3.30095312
3.30095898
3.30094922
3.30095117
3.30100195
3.30096289
