3.30019531
3.30024219
3.30061328
3.30060156
3.30060938
3.30060547
3.30060938
3.30060352
3.30060938
3.30060547
3.30060742
3.30062305
3.30061328
3.30060938
3.30060938
3.30062305
3.30059961
3.30060352
3.30060547
3.30060938
3.30060938
3.30061523
3.30060938
3.30061328
3.30061523
3.30060547
3.30060742
3.30061328
3.30060547
3.30060742
3.30060156
3.30060938
3.30061719
3.30060938
3.30061133
3.30060547
3.30061133
3.30060742
3.30060938
3.30061523
3.30060547
3.30060547
3.30060938
3.30060547
3.30060547
3.30060547
3.30060742
3.30060547
3.30061133
3.30060352
3.30061133
3.30060742
3.30060547
3.30061523
3.30061914
3.30060547
3.30060352
3.30061719
3.30060352
3.30060547
3.30061133
3.30061328
3.30060938
3.30060938
3.30061719
3.30060156
3.30061523
3.30060742
3.30060742
3.30061523
3.30060156
3.30060352
3.30060742
3.30060352
3.30060156
3.30061133
3.30060352
3.30060742
3.30060742
3.30061523
3.30060938
3.30061719
3.30060938
3.30061523
3.30060742
3.30060547
3.30060938
3.30060938
3.30060742
3.30060547
3.30060938
3.30060938
3.30060938
3.30060156
3.30061328
3.30061523
3.30060352
3.30060938
3.30061523
3.30061133
3.30060352
3.30061133
3.30060547
3.30061328
3.30060547
3.30061328
3.30060742
3.30060547
3.30060742
3.30061523
3.30061133
3.30061133
3.30061914
3.30061133
3.30061133
3.30061523
3.30062109
3.30060742
3.30060547
3.30061328
3.30061523
3.30061133
3.30060156
3.30061328
3.30061133
3.30061133
3.30061328
3.30060547
3.30060352
3.30060938
3.30060742
3.30060938
3.30060742
3.30060938
3.30061328
3.30060547
3.30060938
3.30060742
3.30060352
3.30061719
3.30060547
3.30060938
3.30060742
3.30061133
3.30061328
3.30060938
3.30061133
3.30060742
3.30061523
3.30060742
3.30061328
3.30061328
3.30061133
3.30060742
3.30061133
3.30061328
3.30061523
3.30060742
3.30061133
3.30061133
3.30061914
3.30061719
3.30061523
3.30062109
3.30060352
3.30061523
3.30060547
3.30060352
3.30060742
3.30061328
3.30061133
3.30060352
3.30060938
3.30061523
3.30060742
3.30061328
3.30060742
3.30061719
3.30061523
3.30060938
3.30061133
3.30061133
3.30061328
3.30061328
3.30062109
3.30061328
3.30060938
3.30060938
3.30061523
3.30060742
3.30060742
3.30061133
3.30060938
3.30059961
3.30060938
3.30061719
3.30061133
3.30060938
3.30059766
3.30060352
3.30060352
3.30060742
3.30060742
3.30060547
3.30060742
3.30060352
3.30060352
3.30061523
3.30061328
3.30060742
3.30060547
3.30061133
3.30061328
3.30060547
3.30060742
3.30060938
3.30060352
3.30060547
3.30060742
3.30060938
3.30060938
3.30060547
3.30060742
3.30060742
3.30060156
3.30061328
3.30062109
3.30060742
3.30061328
3.30061719
3.30061133
3.30061133
3.30061719
3.30060352
3.30061719
3.30061133
3.30060742
3.30060938
3.30061328
3.30061133
3.30061719
3.30061133
3.30061523
3.30062109
3.30061914
3.30060938
3.30061719
3.30060742
3.30061914
3.30061133
3.30060742
3.30060938
3.30061719
3.30060938
3.30061133
3.30060938
3.30060742
3.30060547
3.30061328
3.30061719
3.30061133
3.30062305
3.30060352
3.30061133
3.30061523
3.30061133
3.30061328
3.30060547
3.30060938
3.30061328
3.30060938
3.30061719
3.30061133
3.30061328
3.30061328
3.30060547
3.30061133
3.30060547
3.30060352
3.30061719
3.30061328
3.30060938
3.30060742
3.30061133
3.30061133
3.30060742
3.30061133
3.30061523
3.30061133
3.30061523
3.30061133
3.30061133
3.30061719
3.30060938
3.30060742
3.30061914
3.30061523
3.30060742
3.30061328
3.30060547
3.30061133
3.30060742
3.30061328
3.30061133
3.30060938
3.30061328
3.30062695
3.30060742
3.30060938
3.30061328
3.30060742
3.30060938
3.30061523
3.30061328
3.30060156
3.30060547
3.30061133
3.30061914
3.30060742
3.30061133
3.30061328
3.30061328
3.30060938
3.30060352
3.30061328
3.30061719
3.30061523
3.30061719
3.30060938
3.30061523
3.30061719
3.30060352
3.30060938
3.30060742
3.30061719
3.30061133
3.30061523
3.30061133
3.30060938
3.30060352
3.30061719
3.30061133
3.30061719
3.30061328
3.30062109
3.30061719
3.30061914
3.30060938
3.30061914
3.30060547
3.30060938
3.30060742
3.30061133
3.30060742
3.30061328
3.30061719
3.30060742
3.30061719
3.30061328
3.30061523
3.30061523
3.30062109
3.30061133
3.30061328
3.30061914
3.30061523
3.30061328
3.30061719
3.30061133
3.30060938
3.30061523
3.30061328
3.30060742
3.30061133
3.30060352
3.30061133
3.30060938
3.30061719
3.30061719
3.30060938
3.30060547
3.30061133
3.30062109
3.30061914
3.30060938
3.30060938
3.30061328
3.30061523
3.30060547
3.30061523
3.30061133
3.30060547
3.30061133
3.30060938
3.30061133
3.30061719
3.30061719
3.30060547
3.30061133
3.30062500
3.30061719
3.30060938
3.30061719
3.30061523
3.30060938
3.30061133
3.30061914
3.30061523
3.30061523
3.30060938
3.30061328
3.30061523
3.30060742
3.30061133
3.30060352
3.30060352
3.30060742
3.30061523
3.30061523
3.30061523
3.30061328
3.30061328
3.30061523
3.30060938
3.30061523
3.30061133
3.30060547
3.30061719
3.30061133
3.30061719
3.30061719
3.30062109
3.30061133
3.30061523
3.30061133
3.30060547
3.30060938
3.30060938
3.30060156
3.30061133
3.30061719
3.30060938
3.30060742
3.30060938
3.30060938
3.30061133
3.30060742
3.30061523
3.30061328
3.30060938
3.30060742
3.30061523
3.30060938
3.30061133
3.30060547
3.30061133
3.30060742
3.30061328
3.30061328
3.30061328
3.30060547
3.30061719
3.30060352
3.30061523
3.30061328
3.30061133
3.30061328
3.30061328
3.30061133
3.30061133
3.30060938
3.30060742
3.30060938
3.30061328
3.30061133
3.30061719
3.30061719
3.30061523
3.30061328
3.30061328
3.30061328
3.30061523
3.30060547
3.30060547
3.30060938
3.30061328
3.30060742
3.30060938
3.30060938
3.30061328
3.30060938
3.30061914
3.30061719
3.30061133
3.30061328
3.30061719
3.30061328
3.30061133
3.30061523
3.30061328
