3.30075000
3.29976953
3.30018164
3.30017969
3.30018555
3.30018750
3.30018555
3.30018359
3.30018164
3.30018555
3.30018359
3.30018164
3.30018555
3.30018555
3.30017773
3.30017969
3.30018164
3.30017383
3.30017969
3.30018164
3.30018359
3.30017773
3.30018164
3.30018555
3.30017969
3.30018164
3.30017578
3.30018555
3.30017969
3.30018164
3.30017383
3.30019141
3.30018945
3.30017578
3.30018164
3.30018750
3.30018164
3.30018164
3.30017969
3.30018750
3.30017969
3.30017969
3.30017969
3.30018164
3.30017969
3.30017773
3.30018555
3.30017188
3.30018750
3.30018164
3.30017773
3.30018164
3.30018359
3.30018945
3.30018750
3.30018555
3.30018164
3.30017773
3.30018750
3.30018164
3.30018164
3.30018164
3.30018164
3.30018750
3.30017578
3.30018555
3.30017969
3.30018945
3.30017383
3.30018164
3.30017773
3.30018750
3.30017578
3.30018555
3.30018750
3.30019141
3.30018164
3.30019336
3.30019141
3.30018555
3.30017383
3.30018750
3.30018359
3.30018945
3.30017969
3.30018750
3.30017773
3.30018359
3.30017578
3.30017969
3.30018164
3.30018164
3.30018359
3.30018555
3.30018555
3.30018555
3.30018164
3.30017578
3.30018359
3.30017578
3.30019141
3.30019531
3.30019922
3.30020117
3.30020703
3.30019141
3.30018945
3.30020117
3.30021289
3.30019922
3.30019336
3.30022852
3.30021484
3.30019531
3.30020508
3.30020898
3.30022070
3.30021875
3.30021289
3.30021484
3.30019141
3.30020312
3.30019141
3.30018945
3.30018750
3.30019336
3.30020117
3.30019336
3.30019727
3.30019727
3.30019141
3.30019922
3.30019141
3.30019922
3.30019727
3.30020117
3.30019531
3.30019727
3.30019141
3.30019336
3.30019336
3.30020312
3.30018945
3.30020312
3.30019141
3.30020898
3.30020508
3.30019727
3.30020117
3.30020703
3.30020703
3.30019922
3.30019531
3.30019727
3.30019727
3.30019922
3.30019727
3.30019922
3.30019922
3.30019336
3.30019531
3.30019727
3.30019141
3.30019727
3.30019531
3.30019922
3.30019727
3.30019727
3.30019531
3.30019922
3.30018945
3.30019727
3.30020312
3.30020312
3.30020508
3.30020312
3.30020703
3.30018945
3.30020117
3.30019922
3.30019922
3.30019922
3.30019922
3.30019922
3.30019336
3.30019141
3.30019727
3.30020117
3.30019531
3.30019922
3.30019531
3.30019922
3.30020117
3.30019531
3.30019922
3.30019336
3.30019922
3.30018750
3.30019922
3.30019922
3.30019922
3.30019922
3.30019727
3.30019922
3.30020508
3.30019922
3.30020117
3.30019531
3.30020117
3.30019336
3.30019336
3.30019922
3.30019531
3.30019922
3.30019531
3.30019141
3.30019727
3.30019531
3.30020117
3.30020703
3.30019336
3.30019336
3.30019531
3.30018945
3.30018555
3.30019531
3.30020117
3.30020117
3.30020117
3.30019727
3.30020508
3.30020508
3.30019141
3.30019922
3.30019727
3.30018945
3.30019727
3.30019922
3.30019727
3.30019922
3.30020312
3.30019922
3.30020508
3.30019727
3.30019922
3.30019922
3.30019531
3.30019531
3.30019141
3.30020117
3.30019336
3.30019922
3.30018555
3.30019336
3.30019336
3.30019922
3.30019141
3.30019531
3.30020117
3.30020312
3.30019531
3.30019531
3.30019141
3.30019922
3.30019336
3.30020117
3.30019922
3.30019727
3.30019922
3.30019531
3.30019922
3.30019336
3.30020117
3.30019336
3.30020898
3.30020508
3.30019922
3.30019922
3.30020312
3.30019727
3.30019336
3.30019141
3.30019922
3.30019531
3.30018945
3.30020312
3.30019336
3.30019531
3.30019922
3.30019141
3.30019727
3.30019922
3.30020117
3.30019922
3.30020312
3.30019922
3.30020508
3.30020508
3.30019727
3.30020508
3.30019727
3.30019531
3.30019727
3.30019531
3.30019727
3.30019727
3.30019141
3.30019727
3.30020117
3.30020703
3.30019727
3.30019922
3.30020312
3.30019141
3.30019336
3.30018945
3.30019531
3.30019531
3.30019922
3.30019531
3.30019922
3.30020312
3.30019336
3.30019727
3.30019922
3.30019727
3.30019727
3.30020312
3.30019922
3.30019727
3.30019336
3.30019531
3.30019141
3.30020703
3.30020312
3.30019922
3.30019336
3.30019727
3.30019531
3.30019336
3.30019141
3.30019336
3.30019922
3.30019531
3.30019727
3.30019922
3.30019141
3.30019336
3.30020312
3.30020312
3.30019141
3.30019141
3.30019922
3.30019531
3.30020312
3.30018750
3.30020312
3.30019531
3.30019922
3.30019922
3.30019922
3.30020312
3.30019531
3.30019727
3.30019727
3.30019531
3.30019531
3.30019141
3.30020312
3.30019922
3.30019922
3.30019141
3.30019336
3.30019141
3.30019727
3.30019922
3.30018945
3.30019727
3.30019727
3.30019727
3.30018750
3.30019727
3.30020117
3.30020117
3.30019141
3.30019531
3.30020117
3.30019336
3.30019141
3.30019336
3.30019336
3.30019531
3.30020312
3.30019336
3.30020312
3.30019727
3.30019531
3.30020117
3.30020508
3.30020508
3.30020508
3.30019727
3.30019922
3.30019336
3.30019531
3.30019727
3.30018750
3.30019531
3.30019336
3.30019922
3.30019727
3.30019727
3.30020117
3.30019727
3.30019922
3.30019727
3.30019531
3.30019336
3.30019531
3.30019922
3.30019727
3.30019727
3.30019727
3.30020312
3.30019727
3.30020117
3.30018945
3.30021094
3.30019727
3.30019727
3.30019922
3.30019141
3.30019922
3.30020312
3.30019922
3.30019727
3.30020117
3.30019531
3.30019531
3.30019922
3.30019727
3.30019531
3.30019922
3.30019922
3.30020117
3.30020312
3.30019531
3.30019531
3.30019727
3.30019531
3.30019922
3.30020508
3.30020117
3.30019336
3.30019531
3.30019727
3.30019531
3.30020508
3.30020117
3.30020117
3.30019531
3.30020117
3.30020508
3.30019336
3.30019141
3.30020312
3.30019727
3.30019531
3.30020117
3.30019531
3.30019922
3.30020312
3.30019336
3.30019727
3.30019336
3.30019531
3.30020898
3.30020898
3.30020117
3.30020508
3.30020508
3.30020508
3.30019922
3.30019531
3.30019922
3.30019531
3.30019531
3.30020312
3.30019336
3.30020117
3.30019727
3.30020117
3.30020117
3.30019531
3.30020508
3.30020117
3.30019727
3.30019922
3.30020508
3.30020117
