3.30074023
3.30074805
3.30074023
3.30074414
3.30074414
3.30075195
3.30074805
3.30075000
3.30075195
3.30074023
3.30074023
3.30074023
3.30074219
3.30074805
3.30074414
3.30074414
3.30073633
3.30075195
3.30074023
3.30075000
3.30075000
3.30074023
3.30073438
3.30074609
3.30073828
3.30074609
3.30074023
3.30074414
3.30074609
3.30074219
3.30074805
3.30074805
3.30074023
3.30074219
3.30075195
3.30074219
3.30074023
3.30073633
3.30074414
3.30074023
3.30073633
3.30074805
3.30075000
3.30075391
3.30073242
3.30075195
3.30075391
3.30074414
3.30074219
3.30074609
3.30074609
3.30075000
3.30075195
3.30074219
3.30073633
3.30075195
3.30074219
3.30074609
3.30074805
3.30074805
3.30074609
3.30074023
3.30075586
3.30074609
3.30074414
3.30074414
3.30074414
3.30074219
3.30073828
3.30074023
3.30074414
3.30074219
3.30074023
3.30074609
3.30075000
3.30074219
3.30075195
3.30074414
3.30074023
3.30074023
3.30074023
3.30074609
3.30074023
3.30074414
3.30074805
3.30074805
3.30074414
3.30074023
3.30073828
3.30074219
3.30074219
3.30074609
3.30075000
3.30074414
3.30074609
3.30075000
3.30074023
3.30074805
3.30074805
3.30073633
3.30074219
3.30073828
3.30074805
3.30074609
3.30074414
3.30074609
3.30074805
3.30073828
3.30073828
3.30074805
3.30075000
3.30074414
3.30074219
3.30074023
3.30074219
3.30075195
3.30075000
3.30074805
3.30074805
3.30075000
3.30075000
3.30075000
3.30074219
3.30074219
3.30074805
3.30074609
3.30073828
3.30074414
3.30074805
3.30075000
3.30074219
3.30074023
3.30074414
3.30074414
3.30074023
3.30074219
3.30075586
3.30074805
3.30074609
3.30073828
3.30073828
3.30075391
3.30074805
3.30075391
3.30074609
3.30074414
3.30074609
3.30074023
3.30073828
3.30074805
3.30075586
3.30073633
3.30074023
3.30074609
3.30074805
3.30074414
3.30074219
3.30075195
3.30074023
3.30074414
3.30074805
3.30074414
3.30074219
3.30075000
3.30074414
3.30075000
3.30076172
3.30075586
3.30074023
3.30074414
3.30074805
3.30074609
3.30074023
3.30074609
3.30074023
3.30075195
3.30073828
3.30074805
3.30074023
3.30074023
3.30074609
3.30075000
3.30075391
3.30074609
3.30074805
3.30075195
3.30074219
3.30073633
3.30073828
3.30075000
3.30074414
3.30074609
3.30074414
3.30074609
3.30074805
3.30073828
3.30074414
3.30075000
3.30074219
3.30074609
3.30075000
3.30074023
3.30074219
3.30075195
3.30074805
3.30074414
3.30073828
3.30075000
3.30074609
3.30075391
3.30074609
3.30074414
3.30074219
3.30074805
3.30074609
3.30074805
3.30074609
3.30075977
3.30074805
3.30074414
3.30075000
3.30074023
3.30075000
3.30074023
3.30074805
3.30073633
3.30075000
3.30075000
3.30074414
3.30074219
3.30074609
3.30075195
3.30074609
3.30073828
3.30074414
3.30075000
3.30074414
3.30074414
3.30074414
3.30075586
3.30074805
3.30075195
3.30074219
3.30074609
3.30074023
3.30074414
3.30074219
3.30073828
3.30074805
3.30074609
3.30074414
3.30074023
3.30074609
3.30076172
3.30074219
3.30075000
3.30074609
3.30074805
3.30075586
3.30074609
3.30074609
3.30074219
3.30074805
3.30075000
3.30075195
3.30074414
3.30074023
3.30074805
3.30074805
3.30074805
3.30074023
3.30074414
3.30074023
3.30074219
3.30074805
3.30074219
3.30074219
3.30075000
3.30073633
3.30074414
3.30074805
3.30074805
3.30074414
3.30075000
3.30074414
3.30074609
3.30075195
3.30074609
3.30074805
3.30074805
3.30075781
3.30074219
3.30074023
3.30074805
3.30074609
3.30075391
3.30075586
3.30075391
3.30075195
3.30075586
3.30074414
3.30073828
3.30074414
3.30074609
3.30074414
3.30074805
3.30074219
3.30075391
3.30074219
3.30074609
3.30074805
3.30075000
3.30074609
3.30073828
3.30075195
3.30073633
3.30075195
3.30074219
3.30074609
3.30074609
3.30074023
3.30074805
3.30074609
3.30074023
3.30074414
3.30073828
3.30074219
3.30075195
3.30074609
3.30074609
3.30074609
3.30074609
3.30075391
3.30074609
3.30075000
3.30074414
3.30074414
3.30075000
3.30075781
3.30074805
3.30075000
3.30075391
3.30074219
3.30075000
3.30074609
3.30074414
3.30074414
3.30075391
3.30075391
3.30074414
3.30074609
3.30074609
3.30075000
3.30074805
3.30074805
3.30075000
3.30074414
3.30074219
3.30074023
3.30075195
3.30074609
3.30074219
3.30075195
3.30075000
3.30074414
3.30074609
3.30074609
3.30074609
3.30074805
3.30074219
3.30073828
3.30075000
3.30074609
3.30074609
3.30074805
3.30074805
3.30074609
3.30074023
3.30073828
3.30074609
3.30074609
3.30075000
3.30074609
3.30074609
3.30074414
3.30074805
3.30074219
3.30075000
3.30075195
3.30074805
3.30074609
3.30074023
3.30074414
3.30074609
3.30074414
3.30074219
3.30075586
3.30075195
3.30074805
3.30074805
3.30074609
3.30075195
3.30074023
3.30075391
3.30074609
3.30075391
3.30074219
3.30075000
3.30074023
3.30075586
3.30075195
3.30074609
3.30075195
3.30074805
3.30074609
3.30074805
3.30074609
3.30074609
3.30075000
3.30074805
3.30075391
3.30075781
3.30074609
3.30075195
3.30074023
3.30074023
3.30074609
3.30074805
3.30075000
3.30074414
3.30075195
3.30075586
3.30075195
3.30074609
3.30073828
3.30074414
3.30074609
3.30074219
3.30075000
3.30074414
3.30074609
3.30075195
3.30074219
3.30073438
3.30074609
3.30075781
3.30074609
3.30074609
3.30075000
3.30074219
3.30074609
3.30074609
3.30074414
3.30074805
3.30074414
3.30074805
3.30074805
3.30075000
3.30074805
3.30075000
3.30074805
3.30074414
3.30075000
3.30074609
3.30074414
3.30074414
3.30075391
3.30075195
3.30074609
3.30074805
3.30074023
3.30074805
3.30074609
3.30075000
3.30074805
3.30074609
3.30075781
3.30074609
3.30074609
3.30074805
3.30074219
3.30074414
3.30075000
3.30074023
3.30074609
3.30074805
3.30074414
3.30074609
3.30074023
3.30074414
3.30075000
3.30075391
3.30075195
3.30075000
3.30074609
3.30074414
3.30074414
3.30074414
3.30074609
3.30075000
