3.30032227
3.30032422
3.30034180
3.30034180
3.30033594
3.30033594
3.30033984
3.30034375
3.30034375
3.30034180
3.30033789
3.30033203
3.30033398
3.30033789
3.30033984
3.30033008
3.30034570
3.30033203
3.30034180
3.30033789
3.30033789
3.30033594
3.30033984
3.30033984
3.30033398
3.30033398
3.30033984
3.30033203
3.30034570
3.30033398
3.30033789
3.30033398
3.30034180
3.30033984
3.30033789
3.30033984
3.30033594
3.30033984
3.30033984
3.30034180
3.30034570
3.30034570
3.30033594
3.30034180
3.30034766
3.30033594
3.30035352
3.30034180
3.30034180
3.30033594
3.30034375
3.30034375
3.30034570
3.30033984
3.30034570
3.30033984
3.30033594
3.30033984
3.30033398
3.30034375
3.30034375
3.30033789
3.30034180
3.30034180
3.30035547
3.30034570
3.30033984
3.30034570
3.30033789
3.30034766
3.30034180
3.30034570
3.30034375
3.30033594
3.30033398
3.30033398
3.30033594
3.30034180
3.30034180
3.30033789
3.30034375
3.30033984
3.30034180
3.30033789
3.30033594
3.30034570
3.30034180
3.30033398
3.30033984
3.30033984
3.30033984
3.30034180
3.30033789
3.30034375
3.30033984
3.30033203
3.30034375
3.30034180
3.30033203
3.30032422
3.30034180
3.30034570
3.30033984
3.30033789
3.30034570
3.30034375
3.30034180
3.30034570
3.30034961
3.30033984
3.30035156
3.30034375
3.30034570
3.30033789
3.30034180
3.30033594
3.30034375
3.30033594
3.30033594
3.30033984
3.30034180
3.30034766
3.30034570
3.30033984
3.30034180
3.30034961
3.30034766
3.30033984
3.30033984
3.30033594
3.30033984
3.30034180
3.30034375
3.30034570
3.30033984
3.30033594
3.30033789
3.30033594
3.30033789
3.30033789
3.30034570
3.30034570
3.30034180
3.30034180
3.30033789
3.30034570
3.30034961
3.30033789
3.30033789
3.30033984
3.30034570
3.30034180
3.30033789
3.30033984
3.30034961
3.30034766
3.30033398
3.30033984
3.30033398
3.30034375
3.30034375
3.30033789
3.30033594
3.30034570
3.30033984
3.30034375
3.30034570
3.30033984
3.30034375
3.30033203
3.30033789
3.30033984
3.30033984
3.30035156
3.30034180
3.30034180
3.30033984
3.30033984
3.30033398
3.30034961
3.30033984
3.30034180
3.30035352
3.30033594
3.30033984
3.30034766
3.30033984
3.30034961
3.30034766
3.30034570
3.30033789
3.30034570
3.30034766
3.30034766
3.30034570
3.30034180
3.30033398
3.30034961
3.30034180
3.30034375
3.30033984
3.30033789
3.30034766
3.30035156
3.30034180
3.30034180
3.30033984
3.30034375
3.30033789
3.30034180
3.30033984
3.30033984
3.30034961
3.30034961
3.30033594
3.30034766
3.30034375
3.30034180
3.30033984
3.30033984
3.30034570
3.30033984
3.30034375
3.30034766
3.30033594
3.30034375
3.30034180
3.30033984
3.30034180
3.30034180
3.30033594
3.30033594
3.30034570
3.30033789
3.30033789
3.30033398
3.30034180
3.30034961
3.30034375
3.30033984
3.30033984
3.30033984
3.30033789
3.30033984
3.30034180
3.30033984
3.30034375
3.30033789
3.30033789
3.30034961
3.30034570
3.30034766
3.30034180
3.30034961
3.30034570
3.30033594
3.30034961
3.30034961
3.30033789
3.30033984
3.30034570
3.30034180
3.30034766
3.30033984
3.30033984
3.30034961
3.30034180
3.30034375
3.30035156
3.30034961
3.30034961
3.30033594
3.30035156
3.30034766
3.30035156
3.30033984
3.30034375
3.30034961
3.30034180
3.30034180
3.30033789
3.30034180
3.30034570
3.30033789
3.30034570
3.30033594
3.30034180
3.30034570
3.30034766
3.30033594
3.30035156
3.30034961
3.30034570
3.30034375
3.30034375
3.30034180
3.30034180
3.30034375
3.30034375
3.30034570
3.30034375
3.30034180
3.30034766
3.30034180
3.30034766
3.30034180
3.30033789
3.30033203
3.30034375
3.30034961
3.30034570
3.30034570
3.30034375
3.30034180
3.30034375
3.30033594
3.30034570
3.30035156
3.30034961
3.30034180
3.30034180
3.30034570
3.30034570
3.30034570
3.30034961
3.30034766
3.30033789
3.30034766
3.30034180
3.30034961
3.30033398
3.30034961
3.30034570
3.30034180
3.30034766
3.30034570
3.30033984
3.30034180
3.30034570
3.30034961
3.30033984
3.30034375
3.30033594
3.30034375
3.30033789
3.30034180
3.30034766
3.30033984
3.30034570
3.30034570
3.30034766
3.30033594
3.30034961
3.30034180
3.30035547
3.30034961
3.30034570
3.30034375
3.30033984
3.30034570
3.30033789
3.30034180
3.30034961
3.30034375
3.30034766
3.30033203
3.30034570
3.30034570
3.30034375
3.30034180
3.30034180
3.30033789
3.30034570
3.30034180
3.30034766
3.30033789
3.30034961
3.30034570
3.30034961
3.30034180
3.30034180
3.30034375
3.30034961
3.30033398
3.30034961
3.30034570
3.30034375
3.30034375
3.30035156
3.30033789
3.30034180
3.30034961
3.30034375
3.30034766
3.30034180
3.30034961
3.30034570
3.30034375
3.30034766
3.30035352
3.30035156
3.30034766
3.30034570
3.30033789
3.30034961
3.30034180
3.30035352
3.30034180
3.30034180
3.30034766
3.30034961
3.30034766
3.30034766
3.30034570
3.30034180
3.30033984
3.30035156
3.30033984
3.30034180
3.30034570
3.30034766
3.30034570
3.30033789
3.30033203
3.30034766
3.30035742
3.30033984
3.30034961
3.30034766
3.30035156
3.30034570
3.30034570
3.30034570
3.30033984
3.30034375
3.30035352
3.30034375
3.30034375
3.30034961
3.30035352
3.30035156
3.30034961
3.30034961
3.30035352
3.30034570
3.30035156
3.30034375
3.30034766
3.30034766
3.30033984
3.30033594
3.30034375
3.30034375
3.30034180
3.30035156
3.30034766
3.30035156
3.30034961
3.30034375
3.30033984
3.30034570
3.30034570
3.30033984
3.30034766
3.30034961
3.30033789
3.30034570
3.30034961
3.30034570
3.30033789
3.30035156
3.30033984
3.30034375
3.30035547
3.30033984
3.30034961
3.30034570
3.30034961
3.30034180
3.30034766
3.30033984
3.30033789
3.30035156
3.30034570
3.30034961
3.30033789
3.30034375
3.30034570
3.30035352
3.30034570
3.30033984
3.30035547
3.30034570
3.30033789
3.30034766
3.30034766
3.30033594
3.30034961
3.30034180
3.30034961
