3.24948633
3.24947852
3.24939844
3.24937891
3.24939844
3.24938086
3.24937305
3.24938086
3.24937891
3.24935352
3.24935742
3.24934375
3.24938086
3.24934570
3.24934766
3.24932617
3.24933789
3.24931836
3.24933594
3.24931445
3.24930859
3.24929297
3.24928711
3.24930469
3.24929102
3.24927734
3.24926367
3.24927148
3.24926953
3.24925391
3.24925195
3.24926172
3.24924609
3.24924219
3.24923828
3.24922461
3.24922461
3.24921680
3.24922070
3.24920313
3.24919727
3.24918164
3.24919727
3.24917969
3.24919141
3.24917578
3.24917383
3.24918359
3.24916016
3.24916992
3.24916211
3.24915039
3.24915234
3.24915430
3.24913477
3.24912305
3.24913086
3.24912891
3.24912305
3.24911523
3.24909180
3.24911133
3.24909570
3.24908203
3.24908594
3.24908789
3.24906641
3.24907617
3.24907227
3.24905859
3.24905859
3.24905078
3.24903906
3.24905078
3.24903320
3.24903125
3.24903516
3.24902734
3.24903320
3.24900781
3.24902344
3.24900977
3.24899023
3.24900000
3.24895898
3.24898828
3.24896484
3.24897461
3.24897070
3.24895312
3.24896484
3.24895898
3.24894727
3.24894531
3.24893945
3.24893945
3.24892188
3.24891406
3.24894141
3.24891406
3.24891797
3.24890625
3.24889844
3.24889844
3.24890625
3.24888086
3.24888281
3.24886914
3.24887109
3.24886328
3.24886328
3.24885156
3.24886914
3.24885352
3.24884766
3.24883789
3.24884766
3.24882617
3.24883594
3.24883789
3.24881445
3.24880469
3.24880273
3.24880859
3.24881055
3.24880859
3.24880078
3.24878125
3.24877734
3.24877539
3.24876953
3.24876367
3.24876367
3.24875195
3.24874023
3.24875000
3.24874023
3.24874023
3.24873633
3.24873633
3.24870703
3.24872656
3.24871484
3.24870898
3.24871289
3.24869727
3.24869531
3.24869141
3.24869336
3.24868555
3.24867969
3.24867773
3.24867383
3.24867773
3.24865430
3.24866406
3.24863867
3.24864063
3.24865039
3.24864453
3.24862891
3.24863477
3.24861328
3.24860938
3.24859570
3.24860938
3.24858984
3.24861523
3.24859766
3.24860352
3.24859766
3.24857812
3.24857422
3.24856445
3.24857422
3.24856250
3.24855273
3.24855859
3.24857617
3.24855273
3.24855078
3.24855078
3.24853711
3.24853906
3.24853516
3.24851953
3.24851367
3.24851367
3.24849805
3.24850977
3.24850586
3.24850195
3.24849805
3.24848437
3.24848828
3.24848437
3.24847266
3.24846094
3.24844727
3.24847656
3.24846094
3.24845313
3.24846289
3.24844727
3.24843750
3.24845898
3.24843164
3.24842383
3.24843164
3.24843164
3.24841602
3.24840820
3.24839844
3.24839062
3.24839062
3.24838477
3.24839844
3.24837695
3.24838086
3.24837109
3.24837305
3.24838477
3.24837109
3.24836328
3.24835352
3.24835938
3.24835938
3.24835156
3.24833789
3.24833594
3.24832617
3.24832617
3.24833203
3.24832031
3.24830273
3.24831836
3.24829883
3.24829687
3.24829687
3.24828906
3.24827539
3.24830664
3.24826172
3.24826563
3.24826367
3.24825781
3.24826563
3.24826758
3.24826563
3.24825391
3.24826367
3.24824023
3.24823633
3.24823633
3.24823438
3.29453711
3.29594922
3.29692773
3.29770508
3.29840820
3.29901367
3.29959570
3.30013672
3.30062500
3.30107422
3.30150977
3.30190820
3.30230859
3.30269336
3.30306055
3.30340039
3.30374609
3.30404688
3.30435352
3.30466016
3.30493359
3.30522461
3.30551758
3.30579492
3.30603320
3.30628906
3.30654297
3.30680273
3.30704492
3.30728125
3.30749023
3.30771680
3.30796094
3.30817578
3.30840234
3.30860156
3.30878711
3.30901953
3.30922461
3.30940039
3.30960156
3.30976172
3.30997852
3.31015234
3.31033203
3.31050000
3.31070508
3.31087500
3.31106250
3.31122461
3.31138867
3.31153125
3.31167578
3.31184766
3.31199414
3.31213867
3.31227539
3.31244531
3.31259766
3.31277539
3.31286719
3.31294336
3.31314648
3.31331055
3.31347070
3.31358789
3.31373438
3.31387109
3.31393359
3.31406836
3.31422461
3.31435742
3.31442578
3.31455273
3.31468750
3.31478711
3.31488086
3.31503320
3.31512305
3.31522070
3.31536328
3.31546094
3.31558594
3.31568164
3.31578906
3.31590234
3.31598047
3.31611133
3.31618945
3.31631641
3.31640234
3.31651172
3.31659766
3.31669922
3.31679297
3.31684375
3.31695312
3.31706055
3.31716797
3.31723828
3.31733203
3.31740430
3.31749219
3.31759375
3.31766016
3.31774609
3.31783594
3.31791211
3.31798828
3.31806445
3.31817578
3.31822266
3.31831055
3.31840234
3.31844727
3.31851367
3.31861328
3.31870117
3.31877539
3.31885547
3.31891797
3.31899023
3.31902148
3.31909570
3.31920508
3.31923633
3.31933008
3.31940234
3.31945508
3.31953516
3.31960742
3.31966797
3.31974023
3.31978125
3.31982422
3.31987500
3.31994531
3.32001562
3.32006836
3.32012891
3.32017969
3.32022656
3.32028906
3.32034180
3.32038672
3.32045508
3.32052734
3.32056641
3.32062891
3.32067187
3.32065625
3.32076367
3.32083789
3.32090625
3.32098242
3.32099023
3.32100781
3.32111914
3.32113281
3.32120703
3.32126367
3.32130664
3.32134961
3.32139063
3.32146875
3.32150391
3.32156250
3.32160742
3.32165430
3.32169922
3.32174023
3.32178906
3.32184961
3.32189062
3.32197656
3.32196680
3.32202148
3.32204492
3.32208008
3.32214453
3.32219922
3.32225391
3.32228516
3.32233203
3.32238477
3.32243945
3.32244727
3.32250391
3.32253906
3.32260742
3.32262891
3.32267578
3.32271484
3.32275977
3.32281641
3.32284766
3.32288086
3.32291211
3.32294141
3.32299219
3.32303516
3.32307422
3.32312305
3.32315430
3.32318945
3.32324609
3.32327344
3.32329688
3.32334180
3.32337695
3.32340430
3.32345703
3.32350195
3.32352539
3.32358398
3.32362891
3.32366602
3.32369727
3.32371094
3.32374805
3.32379688
3.32381250
3.32385938
3.32391406
3.32389648
3.32396484
3.32399805
3.32405469
3.32409180
3.32408789
3.32413867
3.32418555
3.32420117
3.32424219
3.32426367
3.32430469
3.32434766
3.32436719
3.32440234
3.32444727
3.32447656
3.32450977
3.32452930
3.32458594
3.32458594
3.32465039
3.32468750
3.32469531
3.32474609
3.32478906
3.32481250
3.32483984
3.32487109
3.32491602
3.32495117
3.32497852
3.32497070
3.32503711
3.32508398
3.32510547
3.32513477
3.32517578
3.32521289
3.32522461
3.32525781
3.32527930
3.32529492
3.32535938
3.32536719
3.32535938
3.32544922
3.32547461
3.32552930
3.32552734
3.32554492
3.32558789
3.32558984
3.32564648
3.32568164
3.32569727
3.32572852
3.32576953
3.32581641
3.32583203
3.32584766
3.32588281
3.32591797
3.32594531
3.32598828
3.32599805
3.32606445
3.32604297
3.32605469
3.32613867
3.32616406
3.32617188
3.32619727
3.32624023
3.32626172
3.32629883
3.32633398
3.32635156
3.32637695
3.32638477
3.32636914
3.32646875
3.32651562
3.32652734
3.32655469
3.32660742
3.32662305
3.32666602
3.32668555
3.32669922
3.32674414
3.32672656
3.32678125
3.32680469
3.32680078
3.32686328
3.32686914
3.32691602
3.32691992
3.32694531
3.32698633
3.32698242
3.32700586
3.32706641
3.32710742
3.32714063
3.32713086
3.32719922
3.32720117
3.32724219
3.32729297
3.32730469
3.32733398
3.32737109
3.32739453
3.32739844
3.32743359
3.32747852
3.32749805
3.32750781
3.32755664
3.32754297
3.32758594
3.32763672
3.32764258
3.32768750
3.32769531
3.32771484
3.32775195
3.32777148
3.32779102
3.32783398
3.32787109
3.32788672
3.32793164
3.32794727
3.32798242
3.32800586
3.32803906
3.32804688
3.32806445
3.32808789
3.32814258
3.32811523
3.32817383
3.32818164
3.32820898
3.32823828
3.32826563
3.32830273
3.32831641
3.32834375
3.32838672
3.32838867
3.32841602
3.32845117
3.32847461
3.32850391
3.32854102
3.32854883
3.32857422
3.32860352
3.32864063
3.32862109
3.32868555
3.32866016
3.32869922
3.32873047
3.32875391
3.32878516
3.32879492
3.32882813
3.32887305
3.32888086
3.32890820
3.32892578
3.32893359
3.32896094
3.32899219
3.32902734
3.32904297
3.32909180
3.32909570
3.32911133
3.32914258
3.32914258
3.32920508
3.32920508
3.32923437
3.32924805
3.32927930
3.32930078
3.32931445
3.32935156
3.32935547
3.32939648
3.32938086
3.32941797
3.32942969
3.32946094
3.32946680
3.32947656
3.32952930
3.32957031
3.32957422
3.32962695
3.32962695
3.32965625
3.32966797
3.32969727
3.32973242
3.32977930
3.32976953
3.32980469
3.32983203
3.32984180
3.32986133
3.32987695
3.32991797
3.32992773
3.32995117
3.32998437
3.32999414
3.33002930
3.33003516
3.33006445
3.33011328
3.33009570
3.33013086
3.33015430
3.33016797
3.33018750
3.33020508
3.33022852
3.33025391
3.33026563
3.33029102
3.33033398
3.33033008
3.33035352
3.33038672
3.33039648
3.33041992
3.33045508
3.33046484
3.33051367
3.33049609
3.33053711
3.33055859
3.33058203
3.33056836
3.33062891
3.33065625
3.33069727
3.33066211
3.33067773
3.33070117
3.33074609
3.33076563
3.33078711
3.33078711
3.33082617
3.33082422
3.33086133
3.33087891
3.33090234
3.33092578
3.33094727
3.33096289
3.33096094
3.33101758
3.33103711
3.33103711
3.33106445
3.33110352
3.33109961
3.33111914
3.33114063
3.33115234
3.33116797
3.33118164
3.33119922
3.33123438
3.33117773
3.33130859
3.33129883
3.33133008
3.33135937
3.33137500
3.33138477
3.33143164
3.33143750
3.33146484
3.33148242
3.33152148
3.33152148
3.33155273
3.33157422
3.33159375
3.33162891
3.33163281
3.33163867
3.33165820
3.33169531
3.33172852
3.33174414
3.33177930
3.33178516
3.33181055
3.33181836
3.33185156
3.33187305
3.33190820
3.33191406
3.33191406
3.33194727
3.33196680
3.33198242
3.33201367
3.33202344
3.33204492
3.33205469
3.33210742
3.33212305
3.33215039
3.33214648
3.33215430
3.33217188
3.33220508
3.33221680
3.33226367
3.33224805
3.33230664
3.33233789
3.33234180
3.33235938
3.33236328
3.33237695
3.33239648
3.33242578
3.33244141
3.33244922
3.33249023
3.33250391
3.33254297
3.33256836
3.33257422
3.33258398
3.33261719
3.33262891
3.33264844
3.33267773
3.33269727
3.33270313
3.33272266
3.33276562
3.33276367
3.33277148
3.33281836
3.33282031
3.33282813
3.33287695
3.33287109
3.33291406
3.33289844
3.33295312
3.33294531
3.33296875
3.33299609
3.33300195
3.33301953
3.33304297
3.33303711
3.33308203
3.33308984
3.33312891
3.33315820
3.33314062
3.33316992
3.33318359
3.33321680
3.33323437
3.33322461
3.33326758
3.33330469
3.33330664
3.33328906
3.33334375
3.33336133
3.33339063
3.33339063
3.33343750
3.33344727
3.33343945
3.33347852
3.33347070
3.33349609
3.33351562
3.33353516
3.33356641
3.33359570
3.33362305
3.33365234
3.33365820
3.33368945
3.33369531
3.33370898
3.33365820
3.33376758
3.33375391
3.33378125
3.33378125
3.33382031
3.33384375
3.33384766
3.33385352
3.33389453
3.33391211
3.33392383
3.33393750
3.33395703
3.33396289
3.33398438
3.33402344
3.33400391
3.33404687
3.33408594
3.33409180
3.33411133
3.33414062
3.33415430
3.33418164
3.33418359
3.33420313
3.33420117
3.33422266
3.33425586
3.33428320
3.33427930
3.33430469
3.33432422
3.33435938
3.33436914
3.33438672
3.33439453
3.33444727
3.33446680
3.33445117
3.33448828
3.33450391
3.33453125
3.33455273
3.33458789
3.33459570
3.33458203
3.33463477
3.33462891
3.33465430
3.33467383
3.33469727
3.33472266
3.33473828
3.33474805
3.33477344
3.33479102
3.33481445
3.33484180
3.33485547
3.33486914
3.33488281
3.33489453
3.33493164
3.33495313
3.33497070
3.33499609
3.33500781
3.33502148
3.33505273
3.33506445
3.33507812
3.33509375
3.33509961
3.33512305
3.33515234
3.33515820
3.33518359
3.33521484
3.33522852
3.33525781
3.33526758
3.33526562
3.33527930
3.33531641
3.33530859
3.33533789
3.33534766
3.33537109
3.33540234
3.33542969
3.33542969
3.33546680
3.33548633
3.33550586
3.33550977
3.33552539
3.33553125
3.33557422
3.33560547
3.33560352
3.33558789
3.33561719
3.33560742
3.33564844
3.33567383
3.33569727
3.33569531
3.33574219
3.33576953
3.33577734
3.33578516
3.33580078
3.33584180
3.33585742
3.33586523
3.33585742
3.33590625
3.33589648
3.33594336
3.33597656
3.33591602
3.33600977
3.33601953
3.33604883
3.33605078
3.33609961
3.33609180
3.33611328
3.33613086
3.33617383
3.33617773
3.33621094
3.33620898
3.33622656
3.33623047
3.33626563
3.33626758
3.33628516
3.33631836
3.33637695
3.33633789
3.33636328
3.33638672
3.33640430
3.33639648
3.33641016
3.33644141
3.33644531
3.33647852
3.33647461
3.33648828
3.33650000
3.33651758
3.33655664
3.33653516
3.33657031
3.33658789
3.33659180
3.33662891
3.33666797
3.33666211
3.33668164
3.33668164
3.33672852
3.33673438
3.33674805
3.33675781
3.33680273
3.33684570
3.33682813
3.33685937
3.33686523
3.33689453
3.33686914
3.33692188
3.33692773
3.33695898
3.33697852
3.33698242
3.33697266
3.33703711
3.33706445
3.33707031
3.33709180
3.33711523
3.33710742
3.33713477
3.33715039
3.33713867
3.33718164
3.33718359
3.33718750
3.33721680
3.33724414
3.33726758
3.33727344
3.33730273
3.33730469
3.33732422
3.33733203
3.33712695
3.33727148
3.33724219
3.33727734
3.33731250
3.33729492
3.33734375
3.33733984
3.33735742
3.33735547
3.33740430
3.33740625
3.33741797
3.33744727
3.33741602
3.33744727
3.29707031
3.29540625
3.29446484
3.29378516
3.29316797
3.29264453
3.29217773
3.29175000
3.29134570
3.29098828
3.29062695
3.29030078
3.28999023
3.28969141
3.28940430
3.28913281
3.28887500
3.28863281
3.28836523
3.28812500
3.28791602
3.28768164
3.28747461
3.28725195
3.28704102
3.28684180
3.28664062
3.28645312
3.28625781
3.28606836
3.28591016
3.28574414
3.28557227
3.28540820
3.28523828
3.28505469
3.28489648
3.28475977
3.28460547
3.28444141
3.28430469
3.28415234
3.28402148
3.28387305
3.28372852
3.28358594
3.28347852
3.28333398
3.28321094
3.28307617
3.28296094
3.28282422
3.28269727
3.28259180
3.28247461
3.28236523
3.28222656
3.28215039
3.28202344
3.28190039
3.28179687
3.28169531
3.28158594
3.28149219
3.28137500
3.28127539
3.28117383
3.28107227
3.28098438
3.28088477
3.28079102
3.28070703
3.28060547
3.28053711
3.28042969
3.28033398
3.28025195
3.28016016
3.28005859
3.27997461
3.27990039
3.27983008
3.27973633
3.27964453
3.27958594
3.27949414
3.27941406
3.27933398
3.27926562
3.27918164
3.27909766
3.27904492
3.27897656
3.27888867
3.27880859
3.27875195
3.27866602
3.27860156
3.27852539
3.27845703
3.27838672
3.27832031
3.27827148
3.27821094
3.27812891
3.27806641
3.27800977
3.27794727
3.27787695
3.27781836
3.27775586
3.27768555
3.27761719
3.27758203
3.27751367
3.27744336
3.27739648
3.27733398
3.27726367
3.27721289
3.27716406
3.27710547
3.27706250
3.27699023
3.27693945
3.27690039
3.27682617
3.27678906
3.27671680
3.27668750
3.27662305
3.27658594
3.27653125
3.27647461
3.27641797
3.27636133
3.27634570
3.27627539
3.27623438
3.27622070
3.27614258
3.27609961
3.27604688
3.27599219
3.27596289
3.27591016
3.27587109
3.27583203
3.27577344
3.27572852
3.27567969
3.27563086
3.27559570
3.27555078
3.27551172
3.27548047
3.27543359
3.27539062
3.27533789
3.27532031
3.27526172
3.27521680
3.27517969
3.27513867
3.27510937
3.27507813
3.27504102
3.27498633
3.27494531
3.27491992
3.27487500
3.27484766
3.27480078
3.27476758
3.27472656
3.27470117
3.27465430
3.27462891
3.27459961
3.27454687
3.27451953
3.27449609
3.27444531
3.27440625
3.27438867
3.27434180
3.27431250
3.27426562
3.27424414
3.27422852
3.27417969
3.27414648
3.27410156
3.27408203
3.27405469
3.27402148
3.27397461
3.27394336
3.27391992
3.27388086
3.27385938
3.27382617
3.27379687
3.27377930
3.27374609
3.27370898
3.27367773
3.27364063
3.27361523
3.27357031
3.27357227
3.27351758
3.27349805
3.27347266
3.27344727
3.27341016
3.27338086
3.27336719
3.27332812
3.27331055
3.27327539
3.27325000
3.27322852
3.27320313
3.27316211
3.27314453
3.27312109
3.27309570
3.27306445
3.27303711
3.27302344
3.27299023
3.27296875
3.27292578
3.27290234
3.27289258
3.27285937
3.27283789
3.27282031
3.27277148
3.27276367
3.27274023
3.27270898
3.27269336
3.27266211
3.27262695
3.27260547
3.27258789
3.27258203
3.27253125
3.27252344
3.27250195
3.27247461
3.27245508
3.27243555
3.27240430
3.27238477
3.27235547
3.27234375
3.27231250
3.27229297
3.27225195
3.27225000
3.27223438
3.27220898
3.27217773
3.27215039
3.27213867
3.27211328
3.27209766
3.27206445
3.27204297
3.27201562
3.27200781
3.27200195
3.27196484
3.27193945
3.27193164
3.27189844
3.27188281
3.27186719
3.27183789
3.27181836
3.27180078
3.27178711
3.27177539
3.27176367
3.27172070
3.27171289
3.27167188
3.27166211
3.27163477
3.27162305
3.27160547
3.27158203
3.27156836
3.27155664
3.27153125
3.27150781
3.27150195
3.27148242
3.27143750
3.27143555
3.27140820
3.27140820
3.27137695
3.27136133
3.27134766
3.27132422
3.27130469
3.27129297
3.27126758
3.27126367
3.27122656
3.27122852
3.27119141
3.27117188
3.27115430
3.27115430
3.27113477
3.27110352
3.27109766
3.27108203
3.27106250
3.27104883
3.27102734
3.27100781
3.27100781
3.27097852
3.27097070
3.27094141
3.27092578
3.27091797
3.27089453
3.27087305
3.27085156
3.27083984
3.27082031
3.27082227
3.27079492
3.27078125
3.27076367
3.27074805
3.27073047
3.27071680
3.27069922
3.27069141
3.27066992
3.27066016
3.27064258
3.27061719
3.27060547
3.27057813
3.27058203
3.27055664
3.27054297
3.27052930
3.27052930
3.27050195
3.27048828
3.27046680
3.27045117
3.27043945
3.27041211
3.27040234
3.27038477
3.27036914
3.27037109
3.27035156
3.27034570
3.27031641
3.27029883
3.27029492
3.27026953
3.27025195
3.27024609
3.27024219
3.27020508
3.27019727
3.27017773
3.27017578
3.27016016
3.27014648
3.27012500
3.27010547
3.27010938
3.27010156
3.27009180
3.27007227
3.27004883
3.27005078
3.27001953
3.27001172
3.26998437
3.26998633
3.26997461
3.26995313
3.26993750
3.26992773
3.26992383
3.26991406
3.26987305
3.26987305
3.26985352
3.26984961
3.26983594
3.26982422
3.26981250
3.26978320
3.26978516
3.26976172
3.26974414
3.26974023
3.26972852
3.26972852
3.26970508
3.26967773
3.26969727
3.26966602
3.26965234
3.26964844
3.26961523
3.26962695
3.26960937
3.26959375
3.26958008
3.26957031
3.26955469
3.26952539
3.26953711
3.26952539
3.26951172
3.26949805
3.26947852
3.26946680
3.26944922
3.26945117
3.26942773
3.26942773
3.26941211
3.26939844
3.26938672
3.26937500
3.26935742
3.26933594
3.26933203
3.26932617
3.26932422
3.26930664
3.26928320
3.26927930
3.26927930
3.26925977
3.26924414
3.31402930
3.31533008
3.31612109
3.31688477
3.31751562
3.31807031
3.31858008
3.31903516
3.31943164
3.31988867
3.32021875
3.32064258
3.32099023
3.32131445
3.32165430
3.32193750
3.32223633
3.32250977
3.32270898
3.32305664
3.32331836
3.32353906
3.32379492
3.32404297
3.32425977
3.32447852
3.32470117
3.32485156
3.32513477
3.32532812
3.32554492
3.32572852
3.32584180
3.32605859
3.32627539
3.32645508
3.32661719
3.32680859
3.32696289
3.32713086
3.32730273
3.32745508
3.32755078
3.32775977
3.32794727
3.32809766
3.32823438
3.32837305
3.32848047
3.32867578
3.32880469
3.32893750
3.32908008
3.32911914
3.32935156
3.32947266
3.32960156
3.32971484
3.32983398
3.32995313
3.33000391
3.33017578
3.33031445
3.33040820
3.33053516
3.33055078
3.33074805
3.33084570
3.33095898
3.33105859
3.33115820
3.33125781
3.33136133
3.33148242
3.33156250
3.33165820
3.33176563
3.33185547
3.33195703
3.33204883
3.33216406
3.33217578
3.33228906
3.33242578
3.33249805
3.33259961
3.33263477
3.33282422
3.33285742
3.33285937
3.33301758
3.33303516
3.33318164
3.33329102
3.33333008
3.33333008
3.33347461
3.33349219
3.33366016
3.33372070
3.33380469
3.33387305
3.33393164
3.33402344
3.33406836
3.33414258
3.33421680
3.33427148
3.33434180
3.33443164
3.33449219
3.33448633
3.33463086
3.33468555
3.33475195
3.33481836
3.33489258
3.33492188
3.33498437
3.33504492
3.33507031
3.33515234
3.33521094
3.33527930
3.33532227
3.33538477
3.33544727
3.33550781
3.33546875
3.33561914
3.33565234
3.33569141
3.33578516
3.33580859
3.33586523
3.33590234
3.33596875
3.33595508
3.33607031
3.33611719
3.33618164
3.33620312
3.33625391
3.33631836
3.33633594
3.33639062
3.33641602
3.33648047
3.33652344
3.33656641
3.33662500
3.33658398
3.33669531
3.33675195
3.33679102
3.33684961
3.33687305
3.33690234
3.33698438
3.33699023
3.33705859
3.33708008
3.33714258
3.33716992
3.33717773
3.33727148
3.33728320
3.33733789
3.33736133
3.33740820
3.33745117
3.33749023
3.33753320
3.33757031
3.33759375
3.33762891
3.33767969
3.33771094
3.33773828
3.33778125
3.33773633
3.33785547
3.33786328
3.33791992
3.33797266
3.33797070
3.33802344
3.33808203
3.33809180
3.33814258
3.33816797
3.33821484
3.33825000
3.33827148
3.33832031
3.33836719
3.33840039
3.33843164
3.33848828
3.33852930
3.33853711
3.33853711
3.33859961
3.33864648
3.33866602
3.33867969
3.33870703
3.33873828
3.33878320
3.33882227
3.33886523
3.33885547
3.33893164
3.33894531
3.33894922
3.33901367
3.33900000
3.33906055
3.33908594
3.33910156
3.33915430
3.33917578
3.33920313
3.33924609
3.33927344
3.33928125
3.33934766
3.33934766
3.33941406
3.33941016
3.33941797
3.33947852
3.33949414
3.33952734
3.33952148
3.33959766
3.33962500
3.33964453
3.33969336
3.33973437
3.33973828
3.33976953
3.33975781
3.33982422
3.33985352
3.33988477
3.33984570
3.33992578
3.33988086
3.33998047
3.33999609
3.33995508
3.34004883
3.34007422
3.34009375
3.34012305
3.34013086
3.34012109
3.34021680
3.34025977
3.34027539
3.34023242
3.34033984
3.34031250
3.34038477
3.34038477
3.34040625
3.34047070
3.34048633
3.34050000
3.34054297
3.34057422
3.34058398
3.34061914
3.34056055
3.34067773
3.34069922
3.34070898
3.34074805
3.34077344
3.34080273
3.34079688
3.34083008
3.34086133
3.34090430
3.34090820
3.34096680
3.34099414
3.34099805
3.34101172
3.34104687
3.34107031
3.34109180
3.34108594
3.34111719
3.34116016
3.34118359
3.34122461
3.34124023
3.34126953
3.34129102
3.34130078
3.34131836
3.34134375
3.34137695
3.34139648
3.34141211
3.34143555
3.34147266
3.34148047
3.34146875
3.34153906
3.34156055
3.34157617
3.34160937
3.34161133
3.34162695
3.34164258
3.34165625
3.34171094
3.34172070
3.34174219
3.34178516
3.34180469
3.34181445
3.34184570
3.34180664
3.34185742
3.34188281
3.34188672
3.34191992
3.34194141
3.34194922
3.34200000
3.34199414
3.34204297
3.34207617
3.34207813
3.34210156
3.34206836
3.34213867
3.34216406
3.34215625
3.34211914
3.34220703
3.34218750
3.34224609
3.34221484
3.34230859
3.34232422
3.34235547
3.34236719
3.34235352
3.34237109
3.34244336
3.34243164
3.34249414
3.34248828
3.34250781
3.34254688
3.34256250
3.34258789
3.34258984
3.34263477
3.34264453
3.34267773
3.34266797
3.34267969
3.34269141
3.34271875
3.34274219
3.34276172
3.34279102
3.34280469
3.34283789
3.34283203
3.34286523
3.34287305
3.34290820
3.34292773
3.34293359
3.34296484
3.34298828
3.34303320
3.34303906
3.34302344
3.34307812
3.34307617
3.34309961
3.34310547
3.34313281
3.34316406
3.34320703
3.34317773
3.34319141
3.34323633
3.34323242
3.34325781
3.34329492
3.34332617
3.34333594
3.34333594
3.34339063
3.34342969
3.34342188
3.34346094
3.34347461
3.34350000
3.34350195
3.34353906
3.34355273
3.34355664
3.34357031
3.34360547
3.34361523
3.34365234
3.34367188
3.34368750
3.34370117
3.34373437
3.34373242
3.34376758
3.34378125
3.34381641
3.34383789
3.34382422
3.34386719
3.34387500
3.34388281
3.34394141
3.34395117
3.34395508
3.34397266
3.34399414
3.34399805
3.34402539
3.34404492
3.34405273
3.34408594
3.34408008
3.34412695
3.34412891
